1 4 6521 11444 3312 6282 
3 8 6521 3499 9456 3522 11468 11402 6513 564 
1 4 3522 9375 526 6377 
1 4 6377 6263 6325 9347 
2 3 9347 6257 6389 
3 10 6521 11505 9496 3572 6595 552 9570 6512 9511 11467 
1 7 9347 3368 3231 11366 332 13263 399 
1 2 3326 374 
1 2 6469 587 
3 2 6469 495 
1 3 495 6535 11388 
1 4 11388 247 309 3326 
1 6 495 6535 9509 405 3395 6377 
3 3 11494 6444 6488 
3 4 9517 6568 589 6488 
2 5 11531 563 3558 3530 9517 
3 2 9517 11499 
2 2 11499 708 
1 3 708 3705 692 
2 4 11499 9545 11529 11544 
3 4 6488 3524 11533 564 
1 6 3522 6487 6582 3535 11481 6559 
1 6 6332 395 3384 11312 3272 6296 
1 3 3320 327 6296 
3 16 3151 149 11068 9164 6095 6035 6086 9111 187 2999 11315 3215 11250 3358 11282 6380 
1 4 11677 11692 6955 758 
1 3 9764 854 9824 
2 7 6906 9896 6817 3873 6966 6812 9764 
1 4 6906 6959 9889 4098 
1 2 4098 10024 
1 5 10024 10109 4065 11956 1176 
1 3 1176 11956 12038 
1 3 4182 10009 9979 
2 3 4182 13231 7183 
1 4 7183 1048 13228 4135 
2 6 9764 6812 6966 13223 3954 3816 
2 10 3816 813 11766 9785 6993 9767 3938 896 3986 11780 
1 7 3816 6878 6903 3902 11852 13233 740 
1 4 885 11852 13233 740 
1 5 3938 3794 9800 9846 11825 
1 4 11825 6936 903 885 
1 6 11825 4024 3920 726 3729 11707 
1 7 11677 11840 3725 3727 3918 918 11825 
1 8 1176 4095 12083 9828 9778 13229 13224 3938 
2 4 11825 9846 13232 6867 
1 5 6867 13221 11756 9839 13230 
1 5 6867 874 845 889 9817 
1 6 13230 9877 3926 844 924 11805 
2 4 10024 1093 9903 832 
1 5 832 942 9757 6914 3938 
1 5 6948 985 11780 6866 13230 
1 6 6948 6832 6800 13229 13224 3938 
2 7 6287 6393 3260 3325 3277 13263 399 
1 3 6364 6235 394 
2 4 6469 3512 9363 6241 
3 2 6241 391 
1 3 391 68 3314 
1 3 6241 6286 6336 
3 2 391 9498 
1 2 9498 3262 
1 2 3262 6598 
3 2 6598 516 
2 4 587 9522 11562 11519 
1 3 11519 13068 516 
2 4 6583 11435 11470 11494 
2 3 587 3547 11494 
1 2 6560 516 
1 3 516 3576 11483 
1 3 11483 3536 11548 
2 9 11506 9523 3549 3534 553 11521 11535 3579 6449 
2 4 3671 9492 6533 512 
2 5 3552 6572 9525 11508 9495 
2 5 3671 9492 9478 503 11465 
2 3 11465 9510 6536 
2 4 6657 655 3659 3671 
2 5 620 3626 651 669 3671 
2 7 9737 11565 595 11582 629 11596 3671 
1 5 9737 11565 595 3598 620 
2 3 740 6756 743 
1 4 743 9710 6777 9737 
2 5 743 11697 11699 3749 6766 
2 4 9824 9853 3946 6960 
1 4 6766 943 9723 6960 
2 5 6960 9898 11877 958 11834 
2 2 11834 911 
2 3 911 3928 9909 
2 4 6788 3772 11891 9909 
2 7 11834 958 11713 762 780 3589 6613 
1 3 3594 11593 6613 
2 6 3594 9607 11576 6648 3621 620 
2 6 3594 9609 667 9644 6518 512 
2 4 6613 11794 648 3652 
2 5 3652 3669 3506 11491 11506 
2 5 678 6529 9503 549 563 
2 10 11531 9575 6583 9418 3560 3546 13011 11549 9561 11506 
2 3 11420 454 9561 
2 6 6613 3589 6784 6609 9745 6780 
2 5 6788 771 9741 11730 6780 
2 15 6780 11730 9741 776 3780 9584 9600 658 661 11623 663 9638 6683 9622 6666 
2 7 678 6683 9620 9618 636 6635 776 
2 4 9665 11651 704 11666 
1 9 11666 6690 9679 6687 3673 11612 3631 599 6626 
1 3 688 3684 9665 
1 4 688 3675 11634 673 
1 11 3674 6673 3657 6656 11584 9582 6793 6606 9752 6790 3780 
1 5 925 967 9924 782 6793 
2 2 6788 6973 
2 2 9904 11751 
1 4 11751 6862 6875 11833 
1 3 11833 6946 6973 
1 4 925 6926 9794 9904 
1 3 6831 9838 925 
2 4 11837 9784 6843 883 
1 4 883 6939 3966 6831 
2 3 819 11803 883 
2 2 11846 9904 
1 4 11846 923 9826 819 
2 8 9990 12066 3901 10027 3968 851 955 819 
1 2 11998 11837 
1 2 4014 4159 
2 4 4159 1156 3857 10074 
1 5 11773 11874 11824 9772 6891 
2 6 383 3307 6412 9362 6345 9279 
2 11 383 6331 3286 3375 3063 6188 9209 9109 11082 161 6050 
2 4 6296 6360 6229 9483 
1 3 9483 3354 9262 
1 5 310 7482 10323 9340 6222 
3 6 9660 11663 9676 6720 3700 11666 
1 10 9602 6634 11583 11586 11580 3617 9621 6700 684 9660 
1 5 9602 11887 11868 965 949 
2 4 949 3908 3937 6923 
2 6 9833 6895 3893 11905 9862 6923 
1 5 3152 11426 11127 11443 4640 
1 7 4640 126 3120 181 11080 6174 3151 
1 10 3151 3060 9100 9206 6186 3061 3161 204 6009 11105 
1 5 3320 6340 277 11370 216 
2 7 6558 17 11515 493 9508 9400 3544 
1 2 11467 6464 
2 14 3544 524 402 9544 3392 3256 6306 3309 9304 3759 360 216 11322 3331 
1 4 3501 13070 11333 6103 
1 4 9458 507 9239 6103 
1 7 540 3463 9484 6351 11471 9239 6103 
1 4 3369 11471 9239 6103 
1 5 6103 9239 6221 6270 9297 
1 3 3369 7239 9297 
3 4 6103 11374 221 271 
1 3 9297 11345 9315 
1 7 6103 11221 296 9322 364 11382 9315 
1 3 3369 6378 377 
1 6 377 3241 6301 3301 3205 6384 
1 4 9315 11382 9269 11297 
1 5 6384 6335 6399 11332 11218 
1 4 351 11299 11378 9392 
1 5 11218 9350 9237 6395 3273 
1 3 9392 9383 3273 
1 5 3273 9383 6300 3150 11136 
1 5 3273 9383 159 11306 9075 
1 4 3379 3242 3359 11293 
1 3 3379 3242 385 
2 7 7394 9284 6313 9310 303 3342 11293 
3 26 3544 524 11385 11274 11301 347 13206 3393 9274 3320 9295 11342 11358 310 341 222 319 415 11202 11097 3053 6139 181 11080 6174 3151 
1 8 11202 11097 3053 6139 181 11080 6174 3151 
2 4 3331 11220 11290 306 
1 8 6115 11184 3007 147 69 11070 6310 383 
1 9 6115 11078 9157 27 11037 3059 9170 6145 122 
1 4 11028 9157 11078 6115 
1 5 11028 9227 11206 9139 3022 
2 10 306 3362 6387 9272 11254 335 401 3327 3391 6380 
2 7 11479 491 11427 438 462 6429 476 
2 6 476 9423 9576 754 741 11670 
2 5 476 9481 11490 504 525 
2 8 3686 705 3722 568 737 3573 588 11405 
1 2 11405 11437 
2 9 11437 6423 6451 3452 458 11438 9465 504 525 
2 8 9417 9430 6493 6474 3466 486 453 11437 
1 3 3672 3682 3668 
2 6 7661 7495 4458 7624 4463 3668 
2 6 3653 772 654 9626 1530 1599 
1 9 1599 11708 1539 11674 11645 4477 4614 1536 7661 
2 13 3672 9647 685 11633 714 9691 9694 735 9709 6781 3587 585 9417 
2 2 413 3527 
2 10 9417 11434 11450 11459 3519 3540 6591 11412 11475 3527 
2 4 525 11557 6458 11489 
2 7 11489 6508 9566 3225 288 3306 3335 
2 9 3335 6252 11284 11235 11300 3263 6348 6414 6380 
2 19 6380 301 3290 9235 11217 214 3339 6362 9360 6299 11375 6327 9325 3383 3282 9259 11356 11243 6338 
2 8 11225 11377 11256 3265 4324 4283 1305 1278 
2 6 1278 12117 10142 10329 12157 9292 
2 17 7243 4300 4374 4227 1314 12294 10253 7370 7438 1290 3502 11433 6424 3486 338 11348 11225 
2 5 3951 6808 9806 11784 11747 
1 4 3951 6871 11811 11829 
2 3 9878 3983 3951 
1 6 9878 3876 11860 940 9755 6807 
2 3 9292 1327 1292 
1 3 3325 3277 6364 
2 8 1292 1775 1294 12521 4780 7800 1709 10696 
2 6 10696 12679 1733 1860 7825 7274 
2 9 1459 10148 10366 12397 7597 12329 7657 7600 7243 
2 8 7274 4866 7757 12631 7886 10712 10639 12691 
1 8 12691 12621 1876 1813 10549 10661 12540 4797 
2 10 4797 1762 4837 10528 4766 12507 7860 10683 7786 4677 
2 6 7642 4434 4621 1425 4406 7381 
1 5 7642 10135 12293 4390 4608 
1 26 1330 12127 4336 1403 12125 7295 1315 1385 12292 4275 10217 10158 12201 1366 12286 10156 12144 1291 7342 12215 1376 10297 4412 7427 4424 12299 
2 7 1330 12127 1417 12256 4626 4585 1492 
1 2 1185 4075 
1 8 4075 12075 10075 12319 1522 4501 7446 1319 
3 2 1182 9998 
2 3 9998 7157 7087 
2 6 7087 12097 10125 4142 11960 7072 
2 3 7072 12031 7212 
2 3 7212 11946 1092 
2 3 1092 10052 11985 
2 9 11985 7050 1191 7145 1167 10055 9985 1136 11960 
2 2 1025 7110 
1 2 7110 9950 
2 6 4102 1183 12006 11925 4164 7110 
1 2 11985 1025 
2 7 1182 4188 4100 7016 4118 1024 7169 
2 4 7169 12056 3848 6994 
2 6 1182 1097 11908 11989 10128 10032 
2 3 3962 7532 10444 
1 3 10444 10512 12421 
1 3 6994 9859 3962 
1 4 4056 4086 1081 11977 
2 4 11948 10110 4126 11977 
1 14 11977 7204 7221 7125 9981 7070 10065 4052 9790 912 11835 6981 9854 6918 
1 7 1069 7189 11980 11996 9969 10068 11822 
2 8 9843 4140 12026 7109 4190 12062 4538 1519 
1 5 1069 12045 4071 7089 10000 
2 4 1069 4037 10043 7025 
1 12 7025 7085 9995 10040 11916 7094 10008 1146 11913 996 7120 10076 
2 13 4190 1188 1169 4144 1139 9958 10364 12012 7568 10446 10462 7167 4619 
1 5 9991 12010 11968 11929 4616 
1 8 4245 10077 1609 4616 10443 10389 10349 7455 
2 6 4245 10077 4644 7593 4544 4516 
1 5 4245 4062 4104 1101 10060 
1 5 10060 10116 12462 11978 10001 
1 5 10001 10255 4237 1228 7340 
1 5 7340 4280 12114 4472 8087 
1 6 10278 12180 10152 1430 4321 7340 
1 4 10278 7436 1268 10246 
1 3 10246 4416 7265 
1 4 10278 1344 12734 8011 
1 5 10246 4416 1409 7288 1321 
1 8 10278 1344 12734 10808 8067 7363 10274 7447 
1 4 7447 7391 10190 7244 
1 4 8011 8100 10208 4278 
1 4 8011 8100 4414 10756 
1 4 10756 10259 5104 8087 
1 6 10278 1344 7310 12779 10296 10756 
1 4 10756 10259 5104 1359 
1 3 8087 10324 1359 
1 5 1359 12142 4353 10270 1349 
1 8 4278 12105 7250 12295 10210 12182 12269 1349 
1 6 1349 7013 4187 7150 11952 9975 
1 5 4516 1569 2005 7938 5040 
1 3 4516 10751 9973 
1 4 9973 4299 1377 12137 
3 6 2086 10794 5086 12137 4045 5040 
2 6 2086 2032 10729 12822 12005 10887 
1 3 10887 9084 8007 
1 3 3456 10108 4110 
1 3 4110 7084 10735 
1 7 8007 10898 1971 10735 8098 8013 12761 
1 4 10887 4979 8022 12763 
1 4 9975 1144 7207 4132 
1 9 10030 4883 4557 12420 10401 12375 4513 10428 10060 
1 6 1349 7013 4072 7060 7430 10030 
1 6 10030 4950 11995 4953 5096 5040 
1 3 7260 7344 10201 
1 14 5005 7953 1922 2065 1982 10922 10837 4580 4637 4609 4901 4473 12434 1536 
1 5 12473 7140 1056 4550 4111 
1 2 4111 792 
1 3 4206 1201 1065 
1 2 1086 4206 
1 6 4206 4088 4161 11979 1155 12049 
1 2 11829 9833 
2 4 4345 4417 10320 7433 
2 10 7433 1284 12291 4362 7379 4432 1424 7304 7644 7361 
2 8 4345 4417 10320 10174 12221 1282 4342 4285 
3 3 4345 4270 3778 
2 8 3775 6797 9580 11567 3605 6625 4270 4345 
2 13 9450 6713 11641 11685 9684 6769 11669 9724 9711 722 11695 3763 3775 
3 6 3778 3635 3661 9634 6676 6510 
2 13 6510 9467 12278 12582 602 777 10718 4775 7899 1769 4875 4426 4872 
2 12 6510 9480 1299 4869 1782 10718 7794 13094 11571 4875 4426 4872 
2 3 12603 10611 4739 
2 5 4739 9669 6726 515 3010 
2 7 4872 12688 3721 12593 12663 3481 4739 
2 5 12603 1788 3721 12688 4872 
2 5 12603 10611 11440 10684 7787 
1 7 7787 4765 4877 4343 7853 1858 1408 
1 8 3010 6754 1347 7761 1737 7853 1858 1408 
2 4 1408 4428 10157 7315 
3 3 7315 12214 10327 
2 4 7315 7386 10271 12211 
2 2 12603 4759 
2 4 4759 10709 1752 3719 
4 4 3719 10618 6752 1866 
2 2 9450 12357 
2 8 12357 9657 926 1760 10526 3699 1719 1866 
2 6 1866 4807 4664 10341 12456 12357 
2 9 9450 12368 6737 11589 1560 10341 4664 4807 1866 
1 7 9450 6713 11641 695 691 11656 6710 
2 7 6710 9724 9711 722 11695 749 11654 
2 5 9450 6713 9654 11637 689 
2 4 689 3685 9825 6890 
2 5 6890 882 3687 6707 11654 
2 4 6732 3906 11830 9832 
2 8 3878 6911 3806 11665 10381 11662 7345 4345 
2 4 9832 6909 9847 3878 
2 2 3878 6882 
2 3 6882 3863 6845 
2 3 6845 3824 6984 
3 2 6984 3957 
2 5 3957 873 3823 11841 10412 
2 8 6845 6869 11785 9804 847 3850 880 11800 
2 4 6855 827 9808 11800 
2 11 9450 6713 9653 870 11791 3872 659 3853 6874 9808 11800 
2 6 1595 9796 831 11776 11760 6855 
2 2 1595 4527 
2 11 4527 4601 9775 9760 7528 3975 801 9923 6823 6929 3957 
2 6 12211 3513 12183 7865 12553 9616 
2 6 1866 9880 7536 12577 12646 12586 
2 9 9450 12312 11589 10478 7306 12418 11788 10666 12586 
2 6 12586 7852 3855 3613 4760 4723 
2 9 9450 12368 6737 10393 7539 1586 1678 9892 12586 
1 6 1595 4531 4437 10461 9682 9450 
2 10 11654 734 3733 3702 9708 1436 9693 3806 6911 3878 
2 4 6696 1881 10448 1595 
2 4 6696 12709 12568 9727 
2 3 4527 1445 9727 
2 4 1572 12381 1480 11975 
2 6 1843 9834 10489 866 12439 1572 
2 3 1572 1584 7388 
2 6 1572 12353 1433 12470 10492 12384 
2 3 12735 7422 492 
1 4 12384 7583 860 492 
2 3 492 10520 7480 
2 3 7552 7524 4464 
2 3 7552 1453 10449 
2 4 7552 1453 1643 1528 
2 5 1528 12401 6968 9829 3960 
2 4 3960 10861 10504 10337 
2 6 10337 1500 12313 4507 4535 7552 
2 5 10337 12410 4884 2042 6785 
2 4 10337 12341 1927 12782 
2 5 3960 7981 5022 1927 12782 
2 3 6785 12369 5015 
1 6 5015 10769 12835 12721 1952 4956 
3 5 12782 6987 5061 2060 12835 
1 2 8097 10740 
2 3 12835 7973 8003 
2 3 8003 10916 10830 
2 3 10830 12745 8097 
2 6 12782 2019 12728 5038 10894 10740 
2 3 1965 2011 4956 
1 4 1965 2011 2008 10172 
1 4 10172 12804 10853 8003 
1 4 1965 12755 4887 13089 
2 2 3834 853 
2 5 3834 7920 5044 12791 10740 
2 4 4908 4977 1945 8057 
2 5 13089 12746 12873 10895 8057 
2 4 12753 8236 10773 8089 
1 3 12753 10842 10886 
2 3 3960 9829 5001 
2 6 5001 7485 12458 12489 4444 1646 
2 3 7202 1547 11975 
1 4 10412 3925 11738 788 
2 5 7202 10029 7012 4491 7138 
2 7 12384 638 10394 1485 4653 4491 7138 
1 9 7202 7012 7134 11927 7083 7045 11783 6943 788 
1 4 1132 4168 6943 788 
1 4 7138 7083 12054 1132 
1 5 10412 9931 12445 10081 7138 
1 3 4464 7668 7480 
1 5 3957 951 11873 10343 7646 
1 5 7646 7466 4627 12637 9727 
1 3 9727 1582 913 
1 7 7622 10498 7451 10374 4476 7546 1550 
1 3 913 7791 10909 
2 3 12384 5090 10909 
1 4 12735 12803 968 10909 
2 4 12735 10192 10824 12501 
2 4 12501 1987 10615 7797 
1 2 1646 7797 
2 5 12735 1587 10753 7464 7797 
2 4 10449 10410 4510 1646 
2 4 6696 6974 12670 12501 
2 6 1595 12437 1604 7626 12305 4569 
2 7 4569 12305 10457 12497 7611 9682 9450 
1 4 4569 1621 12361 10717 
1 3 10717 1564 1534 
1 5 4569 12346 12463 10370 1534 
2 5 4569 4449 4540 4625 7797 
2 7 9508 548 3230 3295 3324 389 362 
2 10 9450 12368 6737 10339 1527 4590 7449 7607 12361 10717 
1 7 1866 9880 1867 12667 12620 3750 1747 
2 8 4723 10640 10711 1815 12651 1851 12585 4860 
1 3 4860 10593 10624 
2 4 12211 3513 4328 4274 
2 5 3588 6665 3471 10151 4274 
2 4 4274 4347 4331 3588 
3 3 3588 9697 9713 
2 4 9671 3677 6699 9713 
3 5 9713 6699 6694 6876 4518 
2 4 4518 9911 941 10387 
1 3 10387 10483 9814 
1 4 9814 11757 7517 1562 
1 3 1562 12374 7986 
2 3 7986 8115 853 
1 4 10387 12303 4727 7986 
2 7 10327 12673 12124 3781 6742 7779 4860 
2 11 4860 12572 4857 7880 1767 6722 12566 1836 4772 1752 3719 
2 4 10624 4863 7883 4759 
2 8 10327 1690 1832 4838 1854 1857 10593 10624 
2 5 10717 7834 1352 7892 4740 
2 4 1534 9802 4811 4740 
2 3 1534 2043 1806 
2 6 3960 2082 8025 5103 1618 1806 
1 3 1806 7904 10798 
1 3 10798 11802 4740 
2 5 3960 9920 5085 3875 3972 
2 3 10798 10702 3972 
2 5 4740 11802 7762 2055 3972 
2 2 3972 9908 
2 5 9908 12624 4586 10340 4740 
2 6 9908 12893 10867 8070 3867 10740 
2 4 10740 12791 3883 4975 
2 3 4975 10642 12627 
2 5 4740 10340 4586 1738 12627 
2 3 12627 10588 1827 
2 10 10717 7834 4757 12513 1753 10532 4871 12570 12642 1827 
2 9 10717 7834 1352 7892 12024 4814 4586 1738 12627 
2 3 1827 7780 4723 
1 3 853 1793 11814 
1 4 11814 4799 4657 10387 
1 4 853 7747 6897 10573 
1 4 10573 10645 12552 4975 
1 4 10573 7821 12765 11814 
1 9 12627 9792 868 1658 6887 1756 4742 10662 4865 
2 8 4865 10651 12573 12699 850 4799 4657 10387 
3 9 4865 10651 10591 7827 4736 10422 11698 710 9713 
2 3 4865 10582 12535 
2 4 12535 1789 10556 9616 
2 6 12535 7888 12633 12561 10640 4723 
1 4 1814 4804 12617 12604 
2 8 1814 4804 12617 7783 1713 7887 1565 4543 
1 4 1814 4804 7692 1801 
2 5 7798 4776 12932 12924 12910 
2 14 7798 12576 7755 1667 10455 10682 12435 12406 7520 7450 1611 10458 10445 7564 
2 10 7564 7535 7522 4481 12308 7651 10487 10460 4560 7566 
1 4 12364 1555 4573 7621 
1 7 12364 12351 10390 8208 5184 12970 8215 
1 3 8215 10992 650 
1 2 650 8222 
1 17 650 5191 8194 5228 11000 5171 12994 13301 8217 13303 5131 13086 13287 13288 2210 2182 5166 
1 6 650 8229 8251 5121 12920 5169 
1 3 12364 12351 7500 
1 3 7500 10985 12942 
1 5 8187 10943 12453 10515 12364 
1 4 8187 8238 2173 2152 
1 5 10362 12496 1613 1626 4604 
1 11 7500 5163 10975 8255 5143 8216 13311 2224 5229 10987 12930 
1 6 12930 8157 5230 13195 10952 13086 
1 3 4604 4589 10447 
2 7 4604 4589 7594 1542 1529 5156 8181 
1 4 8181 7553 10947 10513 
1 2 10513 5112 
1 4 10513 10432 5172 10980 
1 5 10980 8190 12996 2153 10999 
2 4 10980 12334 8148 7476 
2 8 10513 10947 12972 5186 12937 2181 10959 8189 
1 6 10513 10947 12972 5186 7636 12977 
2 5 12589 10415 12692 12547 4696 
2 3 10697 4822 4696 
3 5 10697 5231 12648 12064 10400 
2 2 2120 10929 
2 4 10929 1874 12963 8214 
1 3 8214 10668 5231 
1 4 10929 1874 7872 5199 
1 3 5199 12504 191 
1 5 8214 12963 1874 7872 5199 
2 4 7011 10073 7164 4076 
2 2 12051 7081 
2 6 7081 1160 4163 1046 7180 11969 
2 6 12051 7065 13077 4131 11939 1145 
2 5 1145 9964 12760 11923 7132 
2 7 7132 4116 989 1111 4097 11987 7100 
1 4 7100 1194 10113 9945 
2 3 7100 10070 7069 
2 4 7069 10023 4139 4108 
2 3 9817 11673 6734 
2 7 2086 2054 1908 4984 10847 1980 4110 
2 7 2086 2054 1908 4149 12886 1103 9975 
2 3 1965 8089 12810 
2 4 4908 10765 8012 3834 
2 3 7859 12435 12406 
2 4 8186 5225 10925 12910 
1 10 12406 1537 10427 12377 11019 2114 8249 5211 5225 8186 
1 12 8186 10927 8165 5197 12948 2191 10969 8200 10949 10983 2157 1652 
1 9 10433 9782 10503 12482 11906 6811 810 3977 957 
2 3 10433 7582 4506 
2 8 4677 4719 7743 4745 10638 4876 12485 4506 
2 3 9315 6318 6384 
2 5 9315 9379 9332 11270 351 
1 6 3951 11831 856 981 11898 9921 
1 25 3668 6701 700 6748 3726 6758 757 9753 6620 11429 9455 6486 6516 3503 9530 6575 9475 6539 3578 6450 11449 9326 9380 6382 6409 
2 12 692 11620 673 11618 11615 656 11598 9598 603 3776 773 3780 
1 2 13255 9914 
1 3 9914 3884 11767 
1 2 1111 12100 
1 3 8216 8195 5171 
1 2 3536 575 
2 3 11483 6504 454 
1 2 11420 9500 
1 3 9921 9799 9887 
1 8 3889 9893 9823 11871 1578 1549 10804 10106 
1 9 6807 869 3870 921 6956 11746 806 3889 12473 
1 4 935 6886 3526 11818 
1 2 949 935 
1 8 6634 630 11657 6652 11588 818 3636 9617 
1 4 9617 11603 6677 657 
1 3 4111 1074 1065 
1 2 12049 7011 
2 10 9660 716 3731 6751 6573 6586 6604 3434 9468 11479 
1 10 6677 11636 6706 6729 723 9716 11534 3407 3562 11427 
1 4 723 3707 11686 754 
1 12 11666 6739 9692 9539 6576 6590 9567 6464 506 584 11428 9508 
1 5 6687 3674 668 671 11615 
1 4 6690 9648 653 11612 
2 9 6464 13205 9427 11413 442 6499 6522 9494 9468 
1 5 9427 11430 6416 467 3544 
1 5 6739 9527 11525 9569 11542 
1 8 6739 3718 557 3569 3553 583 9429 11542 
1 8 11542 6440 11432 6559 514 478 9428 6521 
2 5 9496 3473 444 3532 6558 
1 9 3473 11478 388 11232 279 3324 3380 6402 6332 
1 10 6348 6290 6396 6262 6315 3250 3199 6398 6341 413 
1 18 6398 9394 9245 11227 232 3266 3221 6409 6248 9258 11269 11240 257 3196 3246 6226 6275 11225 
1 6 6380 9378 9278 6356 252 121 
1 13 7582 7652 4503 930 9831 846 11771 987 9781 11764 964 6918 6851 
1 6 6521 375 11219 9294 9320 9347 
2 11 9665 3703 532 11497 3571 571 11544 9572 11417 3397 6488 
1 2 309 241 
1 5 692 11653 6725 9681 3703 
3 3 3524 9443 495 
1 6 6862 9750 910 9907 1616 6973 
1 3 9750 3885 6926 
1 3 6606 11734 3776 
1 5 11623 6680 6678 9636 673 
1 3 636 3641 9600 
1 5 6583 9559 11516 521 698 
1 3 3546 5291 11516 
1 4 11519 6537 11407 6583 
1 3 3549 9578 9434 
1 5 698 3666 3646 817 3652 
1 2 13011 6545 
1 5 9510 9495 527 3523 11521 
1 3 9523 9507 512 
1 2 3666 6683 
1 6 6832 3810 879 9891 7098 7183 
1 2 9994 4163 
1 3 12064 1494 1468 
1 9 11764 9835 6837 11886 9905 3830 900 11822 9843 
1 3 7120 10034 7014 
1 2 1117 11989 
