state={
	id=328
	name="STATE_328"

	history={
		owner = MAN
		add_core_of = MAN
		buildings = {
			infrastructure = 2
			#industrial_complex = 1
		}
		victory_points = {
			4572 1
		}
		victory_points = {
			10433 1 
		}

	}
	provinces={
		783 810 973 1502 1545 1571 1588 1645 1693 1732 1776 1847 3791 3815 3843 3944 3947 4506 4551 4592 4649 4745 4809 4852 4876 5427 6806 6811 6863 6964 7523 7526 7569 7582 7591 7613 7652 7670 7697 7743 7767 7832 7848 7873 7894 7897 9623 9766 9782 9798 9897 9913 9928 10215 10368 10376 10379 10433 10463 10503 10519 10521 10541 10567 10638 10675 10698 11864 11893 11906 12342 12355 12412 12443 12482 12485 12500 12537 12548 12618 13150 
	}
	manpower=5275386
	buildings_max_level_factor=1.000
	state_category=rural
	local_supplies=0.000
}
