
state={
	id=351
	name="STATE_351" # Vologda
	manpower = 1646470
	
	state_category = town

	history={
		owner = RUS
		buildings = {
			infrastructure = 1
		}
		add_core_of = RUS
		victory_points = {
			9131 1
		}
	}

	provinces={
		23 60 75 81 84 106 129 135 143 152 160 163 166 174 196 2996 3056 3057 3079 3085 3087 3091 3099 3124 3135 3142 3154 3157 3160 3164 3175 6017 6073 6077 6091 6097 6112 6113 6119 6158 6169 6180 6182 6189 6190 9043 9082 9102 9110 9113 9131 9133 9136 9168 9190 9199 9200 9202 9207 9210 9222 11027 11035 11036 11062 11075 11083 11086 11095 11103 11107 11143 11165 11168 11177 11180 11189 11213 
	}

	local_supplies=0.0 
}
