state={
	id=45
	name="STATE_654"
	provinces={
		1223 1229 1239 1243 1272 1276 1287 1303 1312 1331 1360 1363 1375 1382 1402 1418 1429 1591 1668 1675 1680 1825 1840 4224 4232 4238 4250 4277 4281 4309 4316 4333 4337 4340 4369 4376 4389 4391 4492 4595 4651 4764 4768 4773 4845 7233 7281 7298 7326 7332 7335 7337 7357 7383 7405 7407 7410 7425 7429 7556 7706 7711 7784 7795 7856 10140 10146 10161 10164 10168 10179 10196 10211 10220 10239 10268 10275 10277 10284 10290 10292 10295 10308 10312 10408 10452 10506 10508 10530 10547 10550 10603 10619 10660 10680 12111 12115 12121 12139 12143 12152 12170 12177 12194 12198 12227 12229 12257 12266 12285 12340 12385 12487 12511 12529 12583 12640 12658 12662 13147 13148 13149 13197 
	}
	history = {
		owner = RUS
		add_core_of = RUS

		buildings = {
			infrastructure = 1
		}
	}
	manpower=82000
	state_category = pastoral
	buildings_max_level_factor=1.000
	local_supplies=0.000
}
