
state={
	id=495
	name="STATE_495"

	history={
		owner = BRA
		add_core_of = BRA
		buildings = {
			infrastructure = 0

		}
		victory_points = {
			10934 2
		}

	}

	provinces={
		1979 2035 2111 2142 2147 2150 2160 2168 2198 2204 2214 4980 5008 5083 5148 5151 5153 5188 5204 5208 5214 5216 5218 5232 8129 8172 8175 8185 8189 8211 8227 8240 8254 10874 10924 10934 10956 10960 10982 10984 10996 11010 12902 12913 12916 12917 12919 12939 12947 12959 12965 12973 12987 12999 13083 13274 13275 13276 13277 13278 13279 13280 13281 13282 13283 13284 13285 13317 13318 13319 13320 13321 13322 13323 13324 13325 13326 13327 13328 13329 13330 13331 13332 13333 13334 13335 13336 13337 13338 13339 13340 13341 13342 13343 13344 13345 13346 13347 13348 13349 13350 13351 13352 13353 13354 13355 13356 13357 13358 13359 13360 13361 
	}
	manpower=60000
	buildings_max_level_factor=1.000
	state_category=wasteland
	impassable = yes
	local_supplies=0.000
}
