state={
	id=621
	name="STATE_621"

	history={
		owner = MAN
		add_core_of = MAN
		buildings = {
			infrastructure = 0
		}

	}
	provinces={
		1027 1203 1438 1551 1608 1796 1811 1871 1959 2087 3427 3745 3978 4222 4469 4495 4525 4555 4612 4960 4986 6988 7048 7158 7314 7545 7575 7578 7631 7648 7674 7812 8055 8081 8127 10053 10363 10372 10424 10451 10480 10499 10507 10629 10724 10854 10880 11752 12331 12348 12403 12432 12448 12554 12609 12706 12750 12880 
	}
	manpower=160000
	buildings_max_level_factor=1.000
	state_category=pastoral

	local_supplies=4.0 
}
